8
0	1773	143
1	1668	89
2	416	1128
3	345	383
4	1037	133
5	1131	700
6	645	1212
7	215	1402
8	1973	676
9	1353	1053
10	120	276
11	345	270
12	1119	1181
13	1510	322
14	1324	1354
15	1005	1798
16	1478	1409
17	91	1611
18	1244	1781
19	785	792
20	110	1387
21	1957	689
22	540	100
23	1713	1386
24	1532	1836
25	1781	1631
26	895	766
27	684	1073
28	901	1220
29	1674	1267
30	1934	1639
31	289	1087
32	950	750
33	1838	83
34	142	187
35	101	1081
36	224	269
37	694	674
38	628	678
39	905	1573
40	604	1583
41	1851	1963
42	714	231
43	1858	1218
44	849	1169
45	1380	170
46	624	1206
47	1199	1857
48	717	454
49	608	210
50	885	1489
51	1619	840
52	1946	344
53	1835	668
54	498	424
55	224	1754
56	428	1595
57	709	1164
58	901	817
59	1694	252
60	782	1726
61	893	456
62	273	559
63	1832	515
64	49	133
65	1325	456
66	1590	1378
67	389	444
68	586	1558
69	1251	1263
70	27	641
71	1170	803
72	1715	800
73	56	948
74	621	457
75	1850	1755
76	1456	1570
77	1077	217
78	1805	311
79	255	1314
80	651	307
81	1068	942
82	767	282
83	169	852
84	1493	828
85	1545	377
86	933	248
87	1869	655
88	1645	1610
89	1053	761
90	1065	748
91	442	1517
92	909	1004
93	1744	1338
94	216	681
95	2000	1726
96	1922	1788
97	332	394
98	691	1282
99	789	565
100	807	244
101	343	1858
102	1169	1634
103	1896	1259
104	197	950
105	1774	411
106	572	646
107	244	1739
108	1975	1329
109	1587	997
110	389	78
111	1799	1144
112	163	1660
113	579	1921
114	686	407
115	500	1667
116	1743	344
117	288	192
118	1971	1260
119	775	1126
120	695	1420
121	1217	1063
122	1779	599
123	1649	840
124	859	351
125	1671	496
126	1711	1583
127	1302	446
128	198	101
129	126	158
130	701	10
131	1533	521
132	1889	1049
133	1233	1894
134	1805	806
135	1536	1019
136	533	1334
137	1713	1678
138	1660	1779
139	1087	1596
140	298	1406
141	188	798
142	605	341
143	1060	327
144	1954	764
145	602	292
146	505	1509
147	46	746
148	1890	1153
149	594	1041
150	178	1214
151	715	56
152	400	89
153	1030	728
154	1933	774
155	910	1416
156	1723	1334
157	1013	1931
158	414	1948
159	160	214
160	60	593
161	1808	573
162	1113	1165
163	116	257
164	1847	184
165	1920	397
166	1890	1173
167	126	968
168	429	1913
169	1803	1298
170	1663	1550
171	295	612
172	783	1263
173	62	1240
174	636	946
175	1253	1570
176	1113	851
177	1734	364
178	1344	1346
179	401	9
180	1470	1602
181	1026	219
182	1876	1225
183	1065	1522
184	531	1647
185	1120	1184
186	757	1344
187	1113	248
188	96	920
189	1595	384
190	715	951
191	560	1414
192	1708	350
193	209	805
194	229	155
195	18	1862
196	716	1365
197	1138	996
198	1472	1309
199	303	589
200	1610	1197
201	794	610
202	53	1892
203	998	1195
204	480	1837
205	782	864
206	1874	852
207	1231	269
208	882	254
209	1878	1786
210	1681	1558
211	297	403
212	547	203
213	463	1911
214	571	343
215	1276	145
216	707	1596
217	392	488
218	1918	328
219	1466	1026
220	1990	1362
221	760	1935
222	1949	108
223	197	1357
224	1187	633
225	941	1778
226	14	1112
227	1857	1396
228	429	1371
229	547	193
230	803	1504
231	1026	715
232	32	926
233	1980	813
234	1551	1008
235	1484	21
236	1149	698
237	715	279
238	503	1914
239	271	1628
240	1859	638
241	266	500
242	80	427
243	261	349
244	1048	574
245	788	831
246	1868	1338
247	1979	137
248	677	500
249	1421	1967
250	1395	1112
251	425	119
252	1277	839
253	136	707
254	589	1033
255	1644	1071
256	495	95
257	167	1900
258	858	1325
259	987	1497
260	48	910
261	250	1685
262	1308	646
263	788	453
264	63	1851
265	602	1474
266	1795	812
267	851	1090
268	205	514
269	645	1832
270	1577	1698
271	27	1362
272	1993	1000
273	285	1763
274	1515	1648
275	1482	826
276	576	933
277	365	1591
278	1807	1153
279	348	1071
280	1215	1331
281	815	500
282	1064	259
283	1996	1132
284	1249	217
285	1864	1319
286	1562	1186
287	823	977
288	55	865
289	1884	121
290	1188	251
291	1412	972
292	706	102
293	1602	1589
294	143	1125
295	1763	1166
296	1344	1252
297	209	508
298	1738	1039
299	653	278
300	1913	115
301	883	848
302	546	580
303	397	1808
304	1099	1543
305	1755	373
306	233	271
307	75	1167
308	604	1411
309	1833	1641
310	1283	1885
311	1633	640
312	286	1120
313	2000	1475
314	1021	1547
315	1719	1272
316	40	883
317	1478	133
318	6	1179
319	1364	1663
320	860	1066
321	107	1608
322	529	603
323	845	1712
324	39	1975
325	1089	1109
326	926	1053
327	1568	606
328	120	633
329	1916	118
330	1899	1458
331	1346	754
332	761	1150
333	1664	61
334	1455	286
335	312	292
336	861	867
337	1098	1213
338	1995	1042
339	1384	1081
340	1504	1439
341	1092	1192
342	1338	1461
343	624	425
344	769	85
345	1659	1198
346	1037	346
347	30	194
348	1876	1908
349	1420	213
350	1310	952
351	1379	110
352	251	1641
353	712	1772
354	640	1550
355	1549	1400
356	443	94
357	1280	1095
358	64	1993
359	1824	1098
360	441	789
361	1401	324
362	1249	1011
363	852	369
364	1981	1934
365	454	16
366	1236	573
367	1994	240
368	1063	944
369	1310	1042
370	636	392
371	1256	279
372	908	894
373	1696	757
374	1877	1156
375	388	713
376	273	857
377	243	1126
378	1678	492
379	1634	579
380	113	1681
381	1192	1772
382	1195	1260
383	1095	360
384	986	347
385	642	455
386	1432	565
387	773	279
388	255	1322
389	1744	206
390	1911	1299
391	95	997
392	720	1228
393	1227	1841
394	1773	1703
395	1098	1137
396	1848	1353
397	935	1001
398	1201	551
399	697	478
400	622	1955
401	476	1009
402	1995	859
403	665	1078
404	78	1664
405	222	314
406	1972	1697
407	258	1478
408	1339	1267
409	797	1027
410	1343	1740
411	14	259
412	985	511
413	469	456
414	1563	1170
415	1426	1043
416	11	603
417	141	1095
418	1689	530
419	1428	1786
420	1000	245
421	724	1875
422	614	1615
423	1256	899
424	1202	592
425	1611	435
426	922	305
427	1964	794
428	801	914
429	701	1749
430	60	395
431	806	651
432	406	272
433	60	1381
434	1488	84
435	663	1146
436	241	1264
437	1959	749
438	1620	730
439	394	319
440	969	183
441	584	1522
442	1581	1823
443	498	1336
444	1888	1635
445	1540	1984
446	436	1812
447	596	252
448	978	464
449	480	241
450	120	1216
451	433	894
452	1168	409
453	488	581
454	1131	1016
455	210	1029
456	1569	1770
457	1532	92
458	707	700
459	758	798
460	585	1410
461	1843	1821
462	1242	978
463	342	1321
464	757	1942
465	203	1436
466	1101	1978
467	1015	899
468	1177	1289
469	1277	1131
470	468	292
471	946	518
472	905	1559
473	1273	535
474	941	204
475	1858	713
476	1726	1812
477	515	712
478	887	1432
479	1512	999
480	173	1193
481	1144	1625
482	1654	654
483	1670	651
484	1285	592
485	1185	607
486	1625	1776
487	1126	783
488	916	1640
489	145	321
490	439	1912
491	698	1317
492	157	1440
493	1927	332
494	1375	1045
495	1485	802
496	641	183
497	896	1655
498	1275	867
499	1253	1773
-1