8
0	336	173
1	251	369
2	189	235
3	195	143
4	5	75
5	272	204
6	209	302
7	235	166
8	137	78
9	311	333
10	88	88
11	232	118
12	302	354
13	300	106
14	238	349
15	93	312
16	152	217
17	315	51
18	91	123
19	2	72
20	253	166
21	319	188
22	128	188
23	399	236
24	147	271
25	176	15
26	175	392
27	254	151
28	215	190
29	269	331
30	164	267
31	394	120
32	34	3
33	78	86
34	232	263
35	67	129
36	123	333
37	282	225
38	101	123
39	250	66
40	322	19
41	77	68
42	97	375
43	302	27
44	271	395
45	321	130
46	133	159
47	100	326
48	282	119
49	177	168
50	110	373
51	376	350
52	88	95
53	79	400
54	194	274
55	223	238
56	229	98
57	7	333
58	282	82
59	389	372
60	86	370
61	131	82
62	132	354
63	390	288
64	105	193
65	218	332
66	253	125
67	201	28
68	380	105
69	115	188
70	176	48
71	108	291
72	148	327
73	123	279
74	327	19
75	26	27
76	1	394
77	343	187
78	320	23
79	218	352
80	90	43
81	78	340
82	70	38
83	71	367
84	325	245
85	279	42
86	140	274
87	181	302
88	41	221
89	352	336
90	32	129
91	213	65
92	7	153
93	331	143
94	48	101
95	303	14
96	127	126
97	229	188
98	385	169
99	374	71
-1