4
0	1030	1053
1	1161	338
2	585	677
3	744	1139
4	689	1036
5	1051	792
6	1079	87
7	1161	539
8	167	351
9	209	58
10	723	118
11	961	902
12	810	777
13	549	248
14	486	763
15	92	242
16	310	902
17	1110	263
18	677	402
19	729	1082
20	320	446
21	645	683
22	1055	546
23	715	174
24	292	1102
25	404	243
26	595	914
27	388	788
28	569	271
29	799	548
30	730	386
31	34	313
32	439	127
33	825	666
34	842	447
35	858	271
36	939	648
37	467	801
38	673	133
39	1191	1050
40	903	129
41	1192	230
42	1151	687
43	535	196
44	846	623
45	603	680
46	214	1150
47	225	846
48	1091	1005
49	951	1092
50	515	1195
51	1146	274
52	731	163
53	867	483
54	483	1013
55	914	810
56	173	839
57	1173	794
58	784	107
59	729	27
60	1036	461
61	99	117
62	357	419
63	1134	539
64	103	312
65	363	61
66	320	913
67	124	95
68	262	264
69	824	1036
70	1104	588
71	1091	457
72	989	717
73	544	457
74	744	43
75	1073	791
76	986	604
77	384	411
78	151	21
79	195	1073
80	778	552
81	385	207
82	306	477
83	389	20
84	1170	685
85	1045	901
86	1178	598
87	187	361
88	52	590
89	398	154
90	456	548
91	910	350
92	104	545
93	505	517
94	795	829
95	40	1143
96	838	783
97	670	849
98	372	1059
99	995	679
100	318	1185
101	182	1096
102	291	212
103	723	935
104	168	401
105	999	1145
106	5	1113
107	1120	110
108	851	274
109	1048	430
110	260	620
111	284	1156
112	765	1072
113	354	113
114	718	442
115	645	950
116	474	892
117	415	1084
118	1035	647
119	73	1002
120	169	949
121	704	968
122	402	135
123	131	885
124	152	835
125	199	465
126	181	626
127	33	597
128	1162	706
129	372	1155
130	128	398
131	816	997
132	567	567
133	1137	908
134	299	1136
135	642	468
136	498	454
137	193	164
138	553	174
139	680	455
140	646	293
141	417	921
142	500	652
143	625	896
144	498	802
145	1173	703
146	902	188
147	200	112
148	597	315
149	712	189
150	1137	851
151	671	413
152	223	1062
153	341	495
154	1012	953
155	363	402
156	526	456
157	1040	1084
158	443	927
159	683	622
160	481	200
161	677	443
162	266	307
163	997	91
164	767	678
165	328	437
166	418	443
167	707	1018
168	863	157
169	489	1193
170	752	1095
171	42	56
172	272	95
173	395	422
174	372	130
175	128	894
176	924	1061
177	83	34
178	1197	737
179	248	921
180	865	979
181	355	386
182	609	1082
183	994	66
184	362	130
185	766	566
186	609	279
187	1129	575
188	1147	1195
189	525	521
190	469	298
191	1085	931
192	460	822
193	38	155
194	200	1193
195	311	399
196	910	439
197	1053	813
198	869	874
199	1199	1083
200	355	96
201	615	461
202	1185	250
203	994	634
204	436	250
205	1108	123
206	879	160
207	916	890
208	1014	74
209	923	726
210	396	1045
211	275	362
212	202	221
213	505	219
214	209	194
215	1061	162
216	9	154
217	852	1182
218	777	436
219	1063	1166
220	393	18
221	513	210
222	969	339
223	19	29
224	203	829
225	603	499
226	272	116
227	865	245
228	586	399
229	615	952
230	796	738
231	272	195
232	117	927
233	588	849
234	696	184
235	430	377
236	554	10
237	574	279
238	723	688
239	397	309
240	415	764
241	430	590
242	129	831
243	585	432
244	1001	944
245	1120	194
246	104	740
247	17	1198
248	780	1146
249	578	446
250	794	162
251	606	148
252	627	799
253	768	1070
254	753	46
255	592	347
256	1096	139
257	1188	1
258	622	1130
259	1178	75
260	431	682
261	102	622
262	475	1194
263	988	1120
264	1145	423
265	389	924
266	67	635
267	396	292
268	380	686
269	1192	37
270	130	343
271	1138	1130
272	607	647
273	988	1094
274	1049	939
275	240	395
276	678	752
277	378	78
278	1160	69
279	60	279
280	25	759
281	179	402
282	1160	201
283	966	900
284	711	477
285	21	820
286	1107	76
287	681	735
288	569	1103
289	121	418
290	76	429
291	829	1051
292	205	409
293	1177	817
294	546	1167
295	1120	461
296	240	1192
297	799	154
298	524	941
299	730	141
-1