10
0	2765	1490
1	2216	339
2	1830	157
3	1615	2530
4	2120	1085
5	584	681
6	2500	1915
7	1761	1312
8	3123	906
9	2012	599
10	1372	1361
11	1430	2101
12	1705	1723
13	1607	283
14	3060	245
15	1934	2931
16	1753	352
17	886	404
18	3055	1965
19	1459	1224
20	3096	194
21	833	2013
22	866	629
23	1549	391
24	945	354
25	2032	1447
26	269	2337
27	265	1226
28	2397	2169
29	2474	1047
30	809	2234
31	2680	1150
32	1923	3051
33	583	2126
34	933	933
35	2145	256
36	655	539
37	1686	831
38	2499	495
39	2108	1225
40	323	233
41	85	1213
42	1491	2983
43	2526	2843
44	2754	175
45	1929	1995
46	972	2596
47	1217	2370
48	2242	1028
49	298	1038
50	829	896
51	89	2578
52	2343	1322
53	1750	3083
54	1112	1033
55	595	174
56	133	2293
57	2110	372
58	2103	360
59	2656	237
60	2302	1193
61	1938	349
62	2450	1377
63	1561	1789
64	1105	805
65	2992	561
66	2697	1775
67	768	2943
68	1656	2454
69	45	615
70	2262	2214
71	1240	1405
72	1476	1634
73	3103	1403
74	1092	396
75	3171	3156
76	295	618
77	1558	251
78	2726	1972
79	245	589
80	547	20
81	622	2073
82	2003	1448
83	2536	319
84	224	1632
85	2532	1405
86	1946	2941
87	157	3010
88	854	3171
89	3009	3027
90	2754	1611
91	3107	839
92	894	207
93	1605	2472
94	2018	1443
95	2086	2891
96	1053	1125
97	2574	2870
98	2271	1344
99	89	1750
100	3163	254
101	3042	2761
102	1940	2945
103	776	2333
104	2178	2422
105	381	1460
106	1566	2850
107	1208	289
108	2032	3191
109	1225	1338
110	3081	1248
111	1907	1681
112	2768	215
113	759	282
114	2360	1943
115	3132	2755
116	322	2274
117	358	1129
118	1512	1734
119	1095	810
120	1047	2456
121	3050	2911
122	1980	1578
123	2750	77
124	1827	833
125	1627	1056
126	2538	2200
127	429	1024
128	2325	3198
129	1951	2203
130	1010	886
131	2394	3026
132	1806	1193
133	2044	2752
134	1897	106
135	149	3026
136	2054	533
137	853	57
138	1268	1818
139	2224	2878
140	3114	3176
141	2705	1895
142	901	2790
143	39	957
144	2830	340
145	3000	1082
146	1159	1804
147	597	1162
148	1771	2499
149	202	2115
150	2267	208
151	3053	1747
152	1174	322
153	1618	2566
154	2097	786
155	2391	3023
156	1154	3102
157	702	1080
158	2822	315
159	172	2988
160	588	1977
161	2138	1876
162	252	312
163	2573	2486
164	2313	1802
165	3020	1923
166	2948	1261
167	971	922
168	2979	1402
169	2996	2655
170	3196	2802
171	4	229
172	3109	1584
173	3132	80
174	659	2433
175	357	260
176	2446	2414
177	1249	2831
178	883	223
179	1500	2608
180	248	2103
181	2406	2304
182	2746	2585
183	2197	1302
184	978	2114
185	3072	936
186	2872	1046
187	1223	14
188	2494	756
189	2365	1451
190	590	1247
191	1860	2136
192	1213	274
193	766	740
194	234	2898
195	2902	571
196	1502	3132
197	1119	846
198	2431	3064
199	1126	2386
200	3089	2717
201	2533	1012
202	2938	2506
203	2009	3136
204	2651	477
205	975	3169
206	1569	3053
207	2033	291
208	2330	1521
209	1809	2812
210	1447	1763
211	2358	1332
212	3155	2553
213	451	2580
214	691	424
215	48	389
216	1615	3109
217	1919	2081
218	2364	1181
219	1016	397
220	2562	3143
221	2315	3080
222	1921	2252
223	753	2955
224	1219	2633
225	1453	1855
226	1249	339
227	2463	258
228	2977	1083
229	704	2818
230	1472	3126
231	21	730
232	2793	142
233	2875	2881
234	1974	2887
235	92	1851
236	2604	2061
237	2113	2533
238	2521	429
239	36	1133
240	2096	1288
241	2146	3041
242	1881	1964
243	2998	2555
244	2928	1147
245	989	32
246	2551	767
247	719	2327
248	2428	1163
249	2102	1970
250	238	384
251	1711	1917
252	2211	89
253	938	1328
254	1793	753
255	1651	2337
256	163	316
257	468	1718
258	642	1631
259	1611	1091
260	2901	1670
261	1293	3047
262	882	1886
263	450	844
264	80	3001
265	3006	2027
266	172	812
267	2174	481
268	3192	2104
269	1577	2697
270	1731	925
271	2676	2550
272	2743	251
273	2043	1943
274	1753	2769
275	835	2391
276	250	582
277	2980	1774
278	2774	221
279	2734	493
280	1540	2194
281	186	159
282	570	1634
283	300	1602
284	1146	77
285	198	1236
286	2441	1045
287	559	1456
288	247	2406
289	1126	2046
290	550	509
291	367	67
292	19	7
293	381	2708
294	3146	534
295	1732	618
296	2768	2421
297	2926	2578
298	1053	1445
299	2348	1741
300	2683	87
301	3152	2797
302	2286	401
303	3078	2990
304	1453	1286
305	2917	2335
306	1323	1321
307	2135	2542
308	1269	1965
309	1513	878
310	1105	2169
311	238	1777
312	1759	1968
313	2757	379
314	1277	140
315	180	1550
316	2020	44
317	1149	1255
318	3178	783
319	1150	1640
320	688	1579
321	2261	1007
322	1254	241
323	779	963
324	1417	2211
325	726	1098
326	2158	1667
327	1789	2070
328	2635	2233
329	2612	280
330	2961	2701
331	2218	41
332	45	2347
333	1472	2242
334	1336	906
335	2673	1299
336	1734	3083
337	1676	2157
338	1144	2827
339	3157	115
340	1853	35
341	516	2448
342	1840	2744
343	2418	1352
344	2872	985
345	123	462
346	2292	3048
347	1666	2081
348	894	917
349	3070	2963
350	127	644
351	1990	29
352	672	2523
353	45	1968
354	2439	2643
355	560	1829
356	304	2172
357	1447	2676
358	87	814
359	2023	2441
360	1010	2133
361	2764	2756
362	2617	896
363	1180	2740
364	2557	2222
365	597	1063
366	2963	2791
367	1868	1365
368	2018	1434
369	636	1066
370	581	705
371	290	2764
372	349	322
373	2576	1230
374	2327	2268
375	1667	1410
376	96	1518
377	941	2084
378	1984	1651
379	2844	1281
380	1592	2497
381	2917	1948
382	2782	2291
383	770	341
384	827	496
385	936	1368
386	1423	1456
387	100	2256
388	1043	2979
389	418	2764
390	2609	2687
391	178	2454
392	452	3080
393	1689	2155
394	43	2491
395	70	2559
396	2649	465
397	1943	381
398	2057	1299
399	1865	731
400	1031	1988
401	1094	2784
402	1652	1413
403	2033	1916
404	296	2687
405	748	1768
406	3098	329
407	1432	2425
408	1439	1595
409	915	1074
410	1261	1955
411	1157	101
412	1067	2380
413	1326	1806
414	347	2637
415	457	28
416	1725	483
417	1297	717
418	2747	2136
419	979	3185
420	2882	433
421	1065	874
422	2715	2658
423	2052	3194
424	205	851
425	2381	921
426	1302	1738
427	1419	2637
428	2297	2297
429	2439	1038
430	2560	807
431	1101	916
432	2582	1904
433	213	1516
434	268	676
435	2761	1361
436	807	1193
437	3152	1408
438	196	155
439	2370	3107
440	294	503
441	2331	1810
442	1749	2639
443	2015	135
444	746	1570
445	427	2995
446	871	908
447	644	2891
448	2795	7
449	1438	2225
450	2578	2457
451	507	1326
452	2361	1447
453	1037	1114
454	2884	1962
455	2223	256
456	1818	1234
457	1019	1949
458	2527	1332
459	6	1512
460	3135	125
461	2759	1954
462	3162	2110
463	923	2452
464	1477	2667
465	1429	1282
466	2049	2804
467	1012	1196
468	2633	1337
469	2641	2495
470	3095	2702
471	1819	2472
472	743	2759
473	302	116
474	2928	2167
475	716	574
476	248	3118
477	2736	2501
478	96	1607
479	2859	997
480	363	1035
481	2903	2611
482	1789	1698
483	2391	1933
484	1434	1593
485	3025	106
486	2787	970
487	1628	1060
488	974	2628
489	72	470
490	3045	2570
491	1461	1382
492	1697	2750
493	561	1576
494	3112	1402
495	2825	2281
496	49	2928
497	1025	1530
498	358	33
499	1006	3077
500	247	1305
501	60	2569
502	290	112
503	1550	1860
504	1943	1375
505	1966	3182
506	2849	2285
507	3037	1595
508	1064	1157
509	2841	1314
510	959	2236
511	1939	1445
512	2923	720
513	2433	1368
514	1336	2335
515	2430	1418
516	450	916
517	834	2080
518	484	1851
519	1214	1622
520	1499	1755
521	1488	1160
522	1343	1197
523	3059	1287
524	839	2374
525	914	3113
526	694	2746
527	874	517
528	1072	2869
529	1858	945
530	2650	2258
531	1255	2677
532	1785	1126
533	1900	239
534	1174	2526
535	2731	2800
536	2062	1243
537	2360	1794
538	11	235
539	2834	1205
540	1410	262
541	2857	447
542	1906	2270
543	1899	641
544	1483	3117
545	896	196
546	1661	26
547	2079	2519
548	3074	2651
549	1538	556
550	2921	2636
551	601	2287
552	2902	1901
553	1654	1305
554	1310	421
555	3091	1349
556	71	1713
557	1361	3132
558	5	2476
559	2191	1293
560	2993	2479
561	3035	429
562	1821	2389
563	2458	1108
564	2320	369
565	2227	1423
566	2899	346
567	190	1670
568	913	2966
569	2644	144
570	2961	560
571	2901	1522
572	1382	190
573	1190	1640
574	3173	2560
575	300	1761
576	2159	1509
577	142	1664
578	416	1285
579	436	2975
580	1965	176
581	634	569
582	1511	2242
583	126	1431
584	2542	2467
585	2213	1065
586	1052	529
587	3069	2871
588	2748	693
589	1793	1041
590	2904	1608
591	3046	1467
592	34	848
593	2984	457
594	2205	1020
595	2320	2838
596	3016	739
597	2637	1555
598	2834	2836
599	162	2313
600	943	1972
601	2568	1587
602	342	2862
603	154	195
604	2668	2643
605	1442	1044
606	1913	1464
607	2481	2788
608	3124	159
609	48	1864
610	534	173
611	2203	129
612	2561	704
613	2297	1517
614	375	2294
615	1528	1432
616	1052	1898
617	2337	1342
618	2500	2540
619	2234	790
620	40	875
621	766	3071
622	2927	2524
623	2402	1608
624	63	1463
625	334	1191
626	1518	143
627	485	1126
628	2916	926
629	2470	1179
630	2901	2163
631	1376	940
632	1230	1190
633	2865	2945
634	741	2778
635	299	2388
636	949	1131
637	853	2791
638	3003	1240
639	2231	296
640	1445	2146
641	406	850
642	1491	677
643	2058	738
644	901	2095
645	711	2919
646	1335	2657
647	1454	2405
648	1479	1022
649	1716	250
650	337	1334
651	618	2508
652	374	2440
653	413	2543
654	731	1576
655	676	2355
656	235	671
657	1731	3065
658	2587	3186
659	884	3075
660	1632	1373
661	2848	3139
662	1175	1255
663	2610	842
664	2243	38
665	2412	2238
666	478	376
667	2353	2004
668	2357	2797
669	2033	2775
670	3033	2454
671	733	1706
672	2788	779
673	306	564
674	2050	2199
675	299	1306
676	1518	2418
677	226	3040
678	2679	252
679	1925	1177
680	752	1576
681	1284	481
682	2048	1181
683	1237	1557
684	279	2961
685	2231	479
686	768	805
687	843	2005
688	2766	3187
689	2903	3046
690	713	1812
691	782	2175
692	127	498
693	173	150
694	1823	69
695	1150	2173
696	1597	2814
697	1836	2656
698	249	2371
699	1928	2099
700	655	526
701	2808	3033
702	1744	2332
703	2141	1905
704	1954	1251
705	2294	182
706	1156	1533
707	2462	203
708	1678	156
709	2038	1627
710	1659	2998
711	179	582
712	2101	1342
713	2426	672
714	2016	2461
715	981	2502
716	1340	420
717	1382	2445
718	2107	1247
719	1828	2897
720	13	1264
721	2610	1703
722	868	3155
723	1673	289
724	2879	1293
725	2897	2754
726	2573	374
727	1826	1536
728	405	323
729	1607	939
730	2811	694
731	2145	892
732	58	2105
733	3146	2910
734	679	1786
735	2550	18
736	1360	873
737	748	2545
738	1737	378
739	2559	3042
740	16	2521
741	1064	2671
742	2202	2163
743	1462	1976
744	599	190
745	1443	370
746	787	2721
747	713	2831
748	2763	2206
749	2884	2104
750	505	1536
751	1457	1792
752	2315	690
753	1680	2628
754	2897	1894
755	145	2344
756	469	1346
757	1149	12
758	375	1719
759	2452	3040
760	2197	2040
761	2226	1816
762	1838	951
763	1365	394
764	1177	590
765	3115	1138
766	3133	823
767	246	526
768	1103	625
769	2103	874
770	2154	1884
771	2246	2803
772	2235	13
773	2120	2636
774	1027	3086
775	3052	1020
776	1215	2869
777	1929	876
778	29	797
779	2984	716
780	828	11
781	945	2477
782	2887	2677
783	1433	2871
784	2695	1152
785	1548	890
786	782	118
787	1160	2120
788	270	1987
789	1344	634
790	2934	2979
791	2999	2599
792	1371	1974
793	1581	403
794	2094	2135
795	2222	1390
796	2584	2325
797	2953	419
798	1388	3180
799	871	3079
-1