4
0	747	570
1	234	718
2	568	202
3	96	170
4	313	710
5	353	326
6	370	572
7	115	86
8	129	311
9	518	558
10	436	303
11	466	736
12	774	165
13	214	164
14	713	491
15	389	680
16	578	715
17	63	339
18	135	574
19	328	410
20	70	254
21	359	30
22	495	704
23	742	67
24	160	495
25	669	730
26	227	608
27	449	228
28	47	718
29	778	261
30	736	698
31	454	590
32	648	705
33	183	696
34	407	677
35	306	244
36	146	461
37	624	72
38	609	581
39	573	415
40	752	147
41	338	728
42	62	423
43	398	417
44	280	198
45	383	269
46	482	349
47	42	23
48	345	81
49	321	154
50	654	112
51	450	738
52	533	450
53	132	670
54	656	668
55	788	699
56	586	283
57	68	799
58	523	727
59	284	239
60	78	300
61	655	221
62	658	347
63	623	137
64	747	168
65	746	135
66	536	374
67	746	594
68	45	277
69	461	429
70	161	450
71	666	69
72	785	782
73	747	679
74	276	303
75	280	507
76	347	459
77	590	462
78	118	728
79	358	698
80	454	15
81	316	441
82	93	697
83	230	27
84	493	169
85	462	311
86	553	553
87	193	713
88	785	63
89	735	513
90	154	303
91	534	573
92	792	495
93	690	643
94	793	211
95	588	677
96	224	405
97	329	205
98	245	536
99	293	729
100	686	179
101	240	735
102	796	322
103	42	163
104	243	640
105	8	62
106	100	676
107	203	689
108	61	787
109	229	314
110	666	420
111	116	767
112	684	210
113	396	444
114	228	712
115	800	17
116	262	695
117	292	315
118	278	458
119	486	331
120	402	252
121	164	457
122	779	687
123	497	612
124	146	313
125	258	635
126	9	294
127	425	766
128	748	531
129	767	8
130	418	200
131	215	442
132	426	322
133	797	769
134	107	656
135	747	778
136	578	91
137	327	372
138	596	266
139	31	683
140	355	249
141	528	672
142	540	719
143	564	232
144	679	102
145	758	621
146	122	724
147	783	778
148	517	241
149	462	397
150	211	406
151	207	693
152	462	585
153	684	98
154	582	458
155	149	506
156	2	262
157	149	543
158	270	423
159	50	214
160	61	83
161	162	217
162	469	707
163	120	88
164	431	710
165	439	144
166	576	616
167	711	128
168	86	516
169	432	200
170	629	64
171	361	372
172	731	37
173	353	563
174	340	737
175	294	88
176	361	554
177	660	571
178	628	129
179	41	796
180	787	163
181	359	327
182	273	370
183	164	276
184	263	465
185	423	472
186	429	614
187	414	185
188	650	614
189	342	777
190	243	619
191	370	18
192	159	116
193	271	14
194	384	271
195	126	171
196	640	569
197	347	495
198	319	695
199	405	91
-1