10
0	833	374
1	700	1087
2	1844	467
3	2336	1620
4	44	580
5	388	1774
6	399	2356
7	1036	1537
8	973	1360
9	1112	769
10	989	1696
11	1989	799
12	1791	1117
13	626	1723
14	2016	1878
15	1907	995
16	1558	1729
17	1268	269
18	499	680
19	2294	1324
20	2340	893
21	2077	2384
22	317	1694
23	74	1153
24	268	63
25	1075	1101
26	715	189
27	1151	1137
28	152	320
29	1735	1710
30	923	2218
31	2216	1506
32	254	399
33	2049	2378
34	1322	104
35	730	2371
36	1696	2214
37	2158	1027
38	1408	485
39	1373	174
40	719	2071
41	1883	712
42	2209	250
43	416	601
44	631	1799
45	1863	1278
46	591	1923
47	2352	1344
48	520	1281
49	270	993
50	1385	679
51	2214	921
52	545	1933
53	44	1555
54	1787	269
55	1304	1660
56	646	2345
57	469	205
58	2108	261
59	2283	2000
60	772	1196
61	1054	2167
62	43	1266
63	79	591
64	1233	946
65	1030	876
66	2195	2296
67	322	1384
68	423	412
69	281	245
70	2007	1142
71	362	2119
72	2147	1847
73	824	407
74	1122	2255
75	1319	2260
76	52	2287
77	1435	2171
78	1479	2140
79	1070	1103
80	892	1323
81	1532	390
82	1056	1198
83	1395	1523
84	226	179
85	330	1672
86	1583	1774
87	1995	2238
88	813	343
89	1667	1130
90	31	2109
91	700	254
92	1914	52
93	1664	170
94	2200	1377
95	1540	121
96	1784	1856
97	1876	1321
98	316	1415
99	820	154
100	1642	1786
101	734	1048
102	532	1152
103	1983	239
104	638	2147
105	547	1277
106	983	1390
107	1620	1625
108	1114	666
109	2338	981
110	1658	1300
111	990	920
112	296	1908
113	210	1917
114	1983	1287
115	509	1343
116	2158	2340
117	28	606
118	1036	2070
119	85	1522
120	2264	988
121	1704	1260
122	2314	574
123	1218	89
124	372	2395
125	1588	1271
126	468	3
127	2157	1998
128	233	149
129	2058	21
130	1205	1916
131	1937	1766
132	1700	507
133	231	291
134	464	341
135	1829	1138
136	1839	2179
137	1512	904
138	1293	1987
139	2320	1754
140	859	305
141	345	188
142	356	1015
143	348	52
144	1301	493
145	109	1798
146	745	283
147	845	519
148	772	1892
149	1625	345
150	353	186
151	1113	1265
152	2017	586
153	1535	682
154	1792	1128
155	1244	88
156	1766	1651
157	2225	2165
158	1671	519
159	1487	1723
160	1948	353
161	2021	2047
162	2039	649
163	242	525
164	1501	1422
165	754	1201
166	930	799
167	406	935
168	974	752
169	1700	963
170	297	870
171	1313	250
172	1256	195
173	1432	10
174	1445	1919
175	961	425
176	1433	2140
177	2245	1176
178	2336	843
179	1562	39
180	2175	194
181	2311	1963
182	597	1412
183	753	1171
184	609	546
185	1446	280
186	1335	48
187	2317	702
188	1539	1857
189	276	856
190	853	513
191	162	1767
192	1571	2035
193	2079	1134
194	1719	998
195	2071	1328
196	1018	1868
197	819	1581
198	1752	302
199	1529	1480
200	210	365
201	753	266
202	1580	1529
203	1825	1552
204	2155	896
205	885	2020
206	4	62
207	1162	1037
208	540	1071
209	674	1345
210	1676	1928
211	1097	554
212	1379	291
213	1919	1557
214	1845	1443
215	387	1707
216	1167	371
217	1453	213
218	280	556
219	1939	1006
220	2318	192
221	1432	1690
222	1943	1128
223	2194	61
224	755	1150
225	2013	1778
226	1920	743
227	832	1035
228	887	1751
229	2160	232
230	1615	924
231	193	2351
232	1181	808
233	460	837
234	28	1189
235	306	2270
236	1161	99
237	1233	1599
238	296	420
239	2080	2073
240	1141	1821
241	1271	1627
242	969	2358
243	1710	1803
244	1994	447
245	951	1899
246	2301	909
247	946	1835
248	1818	2373
249	1764	1466
250	2373	2088
251	1332	58
252	782	1314
253	2329	1736
254	1232	588
255	188	2018
256	1612	621
257	1626	2251
258	807	963
259	979	2267
260	1817	597
261	1883	2157
262	353	350
263	1196	1989
264	1403	41
265	546	484
266	840	683
267	912	622
268	2135	753
269	1528	1673
270	333	689
271	2306	1648
272	1150	1099
273	867	236
274	1508	648
275	889	1181
276	2003	1768
277	1234	50
278	1329	579
279	1675	1955
280	1650	1690
281	2280	732
282	1456	1943
283	248	390
284	2254	974
285	938	2206
286	1537	858
287	1828	1636
288	1446	2334
289	1289	1745
290	1483	1338
291	836	1318
292	1532	1855
293	1797	2207
294	162	1369
295	2167	7
296	2119	1925
297	990	885
298	210	1308
299	437	62
300	1010	1736
301	109	1615
302	2375	205
303	1426	440
304	221	2080
305	1708	1509
306	1771	1844
307	819	942
308	1688	1771
309	2174	523
310	645	767
311	1355	79
312	1776	1467
313	393	348
314	2324	1074
315	1096	90
316	642	1301
317	2051	300
318	373	493
319	1900	1174
320	1765	2351
321	1623	1191
322	773	861
323	2212	2215
324	1143	1882
325	2195	1982
326	2251	369
327	881	771
328	448	1909
329	1142	506
330	2250	1316
331	1000	202
332	577	1381
333	1467	1472
334	728	1334
335	2252	1586
336	1831	1143
337	2335	1389
338	1020	990
339	1863	605
340	2170	1839
341	468	208
342	1007	429
343	768	1682
344	1468	1947
345	697	1662
346	2015	1807
347	311	1784
348	901	1941
349	2068	1384
350	1109	599
351	944	736
352	1318	363
353	675	2034
354	191	1458
355	1299	2261
356	1954	1084
357	1511	708
358	843	1872
359	995	1670
360	686	2092
361	346	627
362	1222	565
363	982	2020
364	2006	1632
365	928	662
366	883	2197
367	682	1944
368	362	567
369	2099	268
370	48	1726
371	1984	592
372	381	663
373	837	1287
374	1429	1815
375	462	1870
376	672	450
377	2105	1280
378	1459	1244
379	1495	2284
380	1295	1459
381	2127	1194
382	1678	875
383	1366	1490
384	214	2190
385	1160	107
386	48	83
387	1678	1033
388	832	1785
389	1591	940
390	1975	125
391	1014	2224
392	74	485
393	1333	1086
394	1757	1386
395	493	946
396	2156	1350
397	1771	1404
398	1911	1189
399	2287	938
400	2399	577
401	539	826
402	1466	1474
403	571	1622
404	154	605
405	244	2267
406	1597	396
407	2395	1471
408	784	1289
409	602	1902
410	849	1264
411	2067	905
412	2357	53
413	1544	1340
414	1671	2376
415	1227	1770
416	1039	2200
417	687	767
418	937	231
419	2127	594
420	1830	2369
421	1011	1262
422	1678	618
423	1540	2132
424	973	2115
425	116	1629
426	43	930
427	552	2130
428	8	1166
429	70	1642
430	1466	110
431	2388	130
432	504	1180
433	1755	344
434	1348	2070
435	452	128
436	2130	881
437	175	814
438	1871	1248
439	1513	2284
440	1308	842
441	1660	1610
442	317	2368
443	988	1197
444	1459	852
445	1513	636
446	294	185
447	1663	1451
448	2213	1376
449	474	1611
450	760	997
451	1820	1238
452	901	1998
453	648	1551
454	2366	268
455	1681	275
456	595	2069
457	1245	1971
458	1607	2067
459	1802	1630
460	1702	482
461	509	2303
462	391	2192
463	630	2296
464	1939	1003
465	1511	1720
466	215	300
467	396	718
468	2327	1337
469	636	509
470	610	1234
471	1029	288
472	2234	53
473	1937	2124
474	2360	1788
475	10	301
476	313	301
477	845	600
478	1130	1675
479	868	1699
480	1067	2086
481	133	1851
482	1872	398
483	141	127
484	26	1878
485	1683	1521
486	1212	2083
487	1079	1506
488	1535	630
489	1367	1116
490	1274	2371
491	857	1805
492	2240	1086
493	1369	1146
494	346	1984
495	514	986
496	1590	1533
497	257	1640
498	1163	1423
499	1153	541
500	121	1505
501	137	1150
502	592	1315
503	710	1432
504	1196	405
505	1435	1353
506	303	715
507	2161	1695
508	676	1250
509	1341	320
510	1527	1436
511	1238	1155
512	1373	2057
513	1986	1537
514	151	848
515	1473	1284
516	1671	689
517	1747	171
518	1911	1268
519	928	251
520	1819	2181
521	1029	743
522	1093	1215
523	90	1193
524	524	146
525	710	1167
526	850	226
527	262	2351
528	1984	1655
529	1696	712
530	1457	2099
531	309	768
532	996	1552
533	448	1623
534	1754	66
535	1754	1650
536	1779	1638
537	2382	2313
538	2207	1845
539	18	1218
540	2299	648
541	1816	1305
542	321	1603
543	226	690
544	2324	1093
545	2256	762
546	1747	1258
547	1402	3
548	965	1020
549	202	2302
550	1197	567
551	1400	115
552	607	1170
553	271	1025
554	1135	855
555	2020	196
556	2033	185
557	346	1243
558	1999	1763
559	323	524
560	2028	573
561	519	632
562	922	1647
563	1124	2282
564	788	1891
565	856	1936
566	310	1632
567	30	660
568	2178	883
569	228	973
570	111	2046
571	634	1930
572	1629	927
573	771	169
574	2166	2007
575	1945	2185
576	975	272
577	2317	173
578	1082	782
579	2348	2220
580	2358	73
581	562	1621
582	2019	566
583	2229	1740
584	669	1611
585	1562	1321
586	2309	1907
587	1845	759
588	222	619
589	173	968
590	950	1297
591	1588	2306
592	631	247
593	2379	1893
594	1830	202
595	1286	555
596	668	1498
597	1594	2089
598	1067	1056
599	935	1175
-1