4
0	1451	3553
1	3133	3879
2	1549	3269
3	3960	973
4	877	543
5	2277	2604
6	3990	3573
7	2735	3824
8	3253	2139
9	2461	3934
10	2336	1734
11	454	1189
12	648	2788
13	2014	3279
14	3582	3728
15	557	2522
16	2695	3286
17	3600	245
18	2909	644
19	3890	798
20	3097	1298
21	3063	3525
22	147	3612
23	1088	594
24	2072	2954
25	3201	3789
26	1112	3640
27	857	1388
28	2352	588
29	1784	27
30	3084	1533
31	3447	2896
32	1701	93
33	2775	1431
34	3053	1723
35	979	3214
36	855	499
37	2119	1441
38	3306	1010
39	2984	2279
40	791	2973
41	922	3871
42	2958	421
43	557	440
44	167	2589
45	3371	1534
46	2384	6
47	2727	3338
48	2734	2016
49	114	3060
50	1397	437
51	61	3058
52	2265	3925
53	3062	3178
54	2675	503
55	2470	2833
56	2621	1147
57	445	1483
58	1607	3200
59	3355	1973
60	3567	3622
61	1494	3468
62	1126	3220
63	899	3419
64	2141	814
65	3282	247
66	1081	1622
67	2015	1082
68	2905	1240
69	644	3292
70	2151	2514
71	2350	3848
72	3005	665
73	1607	181
74	455	2757
75	2172	2599
76	2735	1568
77	2751	2784
78	2387	2076
79	329	2887
80	805	3890
81	3258	1518
82	3196	906
83	2144	754
84	1113	3561
85	1833	1624
86	3089	2100
87	520	1037
88	1835	1556
89	1632	1898
90	2627	95
91	1515	3026
92	538	2332
93	2060	421
94	2550	996
95	2836	1946
96	3694	3378
97	954	904
98	3587	520
99	662	3966
100	2609	3038
101	2897	3773
102	3446	29
103	741	117
104	434	3324
105	43	2692
106	1433	1601
107	2951	1755
108	957	488
109	2040	1297
110	149	2092
111	2171	2283
112	2000	876
113	551	2896
114	1604	220
115	3055	1081
116	15	462
117	260	3833
118	3685	1726
119	459	2197
120	3657	3102
121	1801	1391
122	1598	2298
123	723	1885
124	716	1453
125	27	2194
126	2779	3880
127	1985	1052
128	3986	2281
129	1654	3101
130	3817	1460
131	3301	3542
132	3720	123
133	2043	2241
134	1179	2596
135	3864	3864
136	2013	251
137	3449	3135
138	193	223
139	702	3303
140	1882	1069
141	2404	1768
142	2509	2371
143	3510	2672
144	1970	1931
145	2514	3490
146	1870	1065
147	3726	1204
148	1601	36
149	1265	220
150	183	1062
151	3730	542
152	2527	3860
153	59	1807
154	3579	1973
155	3255	2837
156	1683	1977
157	3654	803
158	1543	3815
159	1674	3964
160	3091	310
161	794	1402
162	2435	935
163	1595	2671
164	789	2997
165	1159	1080
166	2129	501
167	2768	2941
168	1935	2499
169	711	1455
170	2734	2896
171	2483	304
172	1570	2299
173	1812	3533
174	545	2088
175	812	171
176	1980	2858
177	781	3692
178	2053	174
179	3561	502
180	1484	3686
181	1539	199
182	3861	704
183	2274	2008
184	1009	2118
185	3245	31
186	254	3153
187	3773	3833
188	3401	480
189	977	3997
190	128	2753
191	98	2887
192	2800	1724
193	317	3746
194	2541	3088
195	3186	955
196	285	272
197	1205	979
198	2617	481
199	3174	2415
200	512	1002
201	2415	2269
202	1729	3713
203	2158	372
204	2611	271
205	218	2069
206	2573	3294
207	2245	2591
208	806	659
209	3515	1306
210	2125	977
211	2549	2401
212	996	3283
213	2649	46
214	1009	963
215	3952	2684
216	484	2763
217	926	598
218	2652	3048
219	860	1691
220	2639	47
221	1998	2569
222	220	1794
223	1573	1614
224	3872	3082
225	1823	830
226	2927	1335
227	184	7
228	1205	3142
229	254	46
230	3570	2835
231	3414	1313
232	1965	1659
233	2656	17
234	2350	1366
235	88	352
236	66	422
237	1906	2714
238	1326	1189
239	995	2753
240	3566	2649
241	3849	3184
242	2731	3980
243	1244	3628
244	100	3143
245	3480	590
246	3230	408
247	2266	3400
248	339	2399
249	3957	2128
250	465	3115
251	3906	1003
252	1204	1606
253	3880	1185
254	2100	884
255	1625	2263
256	552	322
257	3148	3218
258	320	2989
259	2351	152
260	3534	444
261	938	2996
262	2374	1626
263	634	1730
264	1064	494
265	620	904
266	1157	2139
267	3274	1485
268	274	2910
269	2860	2704
270	92	468
271	2692	2107
272	2693	2328
273	2609	2803
274	3753	3405
275	2322	2778
276	1465	2628
277	1941	3917
278	931	2591
279	710	78
280	3108	2590
281	107	2231
282	2191	3080
283	3397	27
284	465	235
285	275	2298
286	3599	2101
287	3763	2357
288	3993	2064
289	1212	944
290	534	1049
291	1728	2372
292	1182	2760
293	3163	1317
294	2562	316
295	3493	158
296	759	3778
297	1459	2866
298	2548	2745
299	3832	2867
300	912	2246
301	2366	2583
302	216	131
303	3706	2000
304	3038	175
305	3997	2346
306	2736	3619
307	2012	2779
308	231	442
309	2571	373
310	3057	1129
311	1438	522
312	1912	1356
313	2323	2250
314	3071	646
315	75	816
316	8	2420
317	3507	137
318	3744	1834
319	924	705
320	3435	1602
321	35	3422
322	3349	2254
323	2025	2714
324	2973	3540
325	3855	2265
326	769	1365
327	1468	2868
328	272	3850
329	1117	1508
330	1956	2363
331	3904	2454
332	2658	2723
333	976	3746
334	879	484
335	3987	2286
336	360	300
337	2194	1276
338	3776	3894
339	1793	1355
340	2283	2553
341	353	2339
342	93	1484
343	486	1321
344	2819	946
345	2747	1365
346	1766	3262
347	297	3117
348	3668	1908
349	3034	3265
350	2635	3850
351	1606	3983
352	3278	2213
353	2703	3476
354	3492	1819
355	1574	2308
356	1631	2510
357	3089	3715
358	1780	917
359	3706	990
360	1671	353
361	1259	911
362	2715	2166
363	3776	2515
364	1242	3473
365	1175	683
366	1088	1882
367	360	1158
368	2496	2218
369	1360	421
370	1164	1682
371	1220	940
372	446	698
373	1379	1215
374	1601	129
375	687	1064
376	2134	1677
377	2254	2767
378	1280	551
379	3821	467
380	3965	1370
381	320	2114
382	851	645
383	763	2731
384	1310	138
385	2478	2445
386	1036	1330
387	1809	1760
388	1554	2624
389	1082	1699
390	942	1207
391	1358	3060
392	551	2658
393	1521	843
394	3249	1800
395	3660	3600
396	1247	3605
397	3141	3031
398	3164	1547
399	2528	3824
400	3706	2667
401	2227	2000
402	293	1572
403	2055	2600
404	446	3175
405	1885	1463
406	854	2374
407	924	193
408	3755	2252
409	2558	735
410	3305	1699
411	2722	428
412	3297	3653
413	837	350
414	3492	1226
415	1921	743
416	3547	2978
417	2320	950
418	2896	2689
419	249	1108
420	1461	3403
421	483	3790
422	2434	2255
423	990	2893
424	510	2631
425	1112	3285
426	3974	1513
427	2878	1992
428	3792	2743
429	2271	557
430	1746	451
431	2277	3094
432	1445	1380
433	2813	2515
434	2712	1064
435	2859	550
436	3462	2231
437	3380	2126
438	3251	1590
439	1802	564
440	3258	3140
441	1912	87
442	893	161
443	3624	1003
444	1840	3114
445	346	2502
446	1466	1248
447	980	3771
448	3173	3480
449	246	1357
450	279	1596
451	418	2479
452	3754	1961
453	2979	2869
454	776	2144
455	1795	1253
456	450	3561
457	993	1881
458	3846	2420
459	3833	27
460	1483	2360
461	2902	1495
462	3182	492
463	1605	691
464	1767	268
465	2348	1293
466	1237	152
467	3516	2726
468	1170	3589
469	974	2428
470	2394	1411
471	2836	2751
472	3863	2600
473	1316	1029
474	3142	3219
475	1755	2640
476	3816	2389
477	1047	3212
478	3214	2577
479	3198	153
480	2828	659
481	99	1249
482	2869	3356
483	3315	3244
484	3875	1341
485	571	735
486	3036	3237
487	625	3432
488	776	511
489	3155	3584
490	2829	1052
491	240	3420
492	1708	2821
493	1004	1577
494	554	2080
495	3715	2914
496	1727	3992
497	2328	343
498	3409	56
499	711	1082
500	1246	3542
501	30	2552
502	3352	826
503	2056	756
504	2457	3509
505	1968	2394
506	1500	732
507	1408	3730
508	3021	66
509	558	3644
510	2824	1935
511	1289	1043
512	910	1338
513	2698	866
514	3627	3242
515	2120	2754
516	1659	354
517	937	2467
518	2190	3432
519	2965	2806
520	2049	2354
521	343	1961
522	1847	2847
523	3470	3255
524	421	2239
525	275	1894
526	1767	3518
527	3456	3603
528	330	2435
529	2792	525
530	253	2233
531	743	647
532	1115	1340
533	1000	3845
534	1851	222
535	975	3004
536	2185	3114
537	74	51
538	2250	1205
539	3750	9
540	373	715
541	2296	1023
542	2184	580
543	3855	1074
544	1742	285
545	1599	2117
546	3409	917
547	2282	1388
548	964	152
549	1170	1626
550	3704	3331
551	97	3307
552	789	1998
553	1727	1258
554	1198	3317
555	2292	3659
556	3458	3676
557	2340	1237
558	3039	1438
559	3015	1246
560	1962	3411
561	1716	618
562	1891	2717
563	1719	307
564	3598	1666
565	882	2975
566	1017	1412
567	2220	1661
568	94	3994
569	3324	597
570	1682	2138
571	1675	3928
572	2759	316
573	2916	1361
574	2844	662
575	371	1712
576	3508	3246
577	3677	1710
578	1376	562
579	3147	1479
580	1966	1719
581	2078	1441
582	3955	3129
583	256	2162
584	3870	895
585	2563	1454
586	3435	3022
587	2597	3216
588	325	1801
589	3094	3913
590	1278	2103
591	1717	2259
592	3547	2311
593	1663	1739
594	1632	98
595	1918	3447
596	1127	1116
597	3586	3896
598	3132	2268
599	3337	945
600	803	2054
601	1113	3057
602	1508	1647
603	1741	1956
604	1555	2614
605	3613	2682
606	913	3247
607	1965	2723
608	1853	3258
609	385	548
610	1085	3985
611	2084	3942
612	3389	664
613	2318	3896
614	2288	2530
615	1750	1643
616	2074	1136
617	3041	3789
618	3218	1554
619	2028	734
620	3309	3892
621	24	2441
622	908	2253
623	2562	1764
624	1380	3705
625	1784	3786
626	3742	1082
627	3104	3399
628	592	3763
629	49	2867
630	1928	1345
631	2771	3010
632	862	1130
633	3855	2424
634	3930	1172
635	172	2414
636	315	93
637	1405	2881
638	3079	825
639	2170	3132
640	146	3876
641	2949	2470
642	2571	2122
643	745	2100
644	1496	1787
645	2241	1436
646	2604	1253
647	3993	1966
648	1719	3898
649	839	407
650	1633	3247
651	2030	504
652	3302	3101
653	3605	662
654	3155	3099
655	2805	2555
656	657	1021
657	2568	3527
658	297	2231
659	1335	2562
660	1136	2379
661	1874	177
662	2570	3902
663	207	2494
664	3908	3853
665	548	3578
666	2838	1379
667	62	1568
668	3309	2994
669	121	426
670	3788	2573
671	2668	3670
672	3370	1932
673	654	1473
674	3307	805
675	281	3957
676	1296	2901
677	1464	50
678	796	3097
679	3281	83
680	2692	1271
681	976	2761
682	3884	3516
683	3181	1385
684	2738	2933
685	198	3869
686	2142	1908
687	2379	296
688	3259	2235
689	1259	1461
690	3606	822
691	3764	1925
692	956	2366
693	3252	957
694	2821	582
695	226	1450
696	2369	1945
697	1393	3064
698	181	2258
699	277	3521
700	3272	937
701	1458	1314
702	1674	749
703	1820	2580
704	1880	2290
705	3368	3173
706	3165	220
707	257	677
708	793	3194
709	2425	1364
710	87	2150
711	3991	1933
712	2889	2679
713	3690	2553
714	988	3115
715	3539	3169
716	519	2921
717	3281	2157
718	2511	3408
719	1954	500
720	305	2564
721	2186	2233
722	1817	1173
723	2268	1275
724	2974	18
725	2249	3513
726	368	2872
727	3882	1963
728	1927	3915
729	1853	88
730	2601	2071
731	1035	3079
732	3220	796
733	2559	3765
734	1364	619
735	853	3342
736	3494	959
737	3736	1255
738	3708	3150
739	1023	2644
740	3706	3042
741	578	2078
742	2769	3287
743	3670	621
744	1442	2154
745	1405	2897
746	1576	2903
747	2210	3093
748	807	1979
749	944	1866
750	2276	2586
751	1575	442
752	1927	3916
753	502	2603
754	1264	1827
755	259	2203
756	2201	937
757	2542	736
758	3041	1638
759	3924	1831
760	2409	3170
761	3077	2077
762	194	2007
763	3489	3358
764	3273	3902
765	1246	967
766	992	2708
767	632	2313
768	1664	375
769	804	1273
770	1017	793
771	2734	2224
772	807	3843
773	196	3644
774	157	1415
775	1491	648
776	2691	2299
777	3345	2864
778	3281	3086
779	2974	3698
780	1984	3377
781	2279	3659
782	2568	3085
783	2313	3797
784	3245	2084
785	2894	1662
786	3958	3873
787	413	2763
788	2066	3702
789	3141	2194
790	414	3208
791	1738	3670
792	1758	1797
793	143	3776
794	2635	3296
795	3873	1838
796	2192	1141
797	2355	3361
798	3653	2555
799	3782	752
800	3391	794
801	822	113
802	1918	2256
803	1104	2235
804	175	477
805	3878	1716
806	871	1925
807	3347	1856
808	190	1930
809	306	1441
810	67	3676
811	3310	1027
812	894	747
813	205	2143
814	1173	321
815	165	2845
816	2838	2265
817	259	856
818	989	2152
819	388	2331
820	2000	2748
821	3117	3422
822	1866	2856
823	55	3953
824	1323	2356
825	203	753
826	592	1539
827	638	534
828	1861	2643
829	218	1500
830	195	2655
831	2330	2683
832	1675	389
833	462	2580
834	3617	3231
835	2391	2928
836	1616	3734
837	2945	600
838	843	609
839	3644	1695
840	1689	1518
841	2989	278
842	1089	1610
843	3024	1694
844	2222	3343
845	3315	435
846	662	2987
847	1430	3478
848	3384	1042
849	2293	576
850	3930	2597
851	463	2316
852	1398	3338
853	287	3613
854	28	3211
855	1462	3236
856	509	1350
857	3501	1107
858	3888	631
859	2817	204
860	2190	1453
861	938	1816
862	3253	3221
863	1522	328
864	243	493
865	314	2404
866	2482	528
867	981	1335
868	1063	3372
869	144	3412
870	2883	3550
871	2037	2108
872	2288	1452
873	1544	60
874	2940	407
875	497	2962
876	545	272
877	1687	1014
878	2838	1824
879	451	3934
880	2476	263
881	2076	3422
882	1371	3849
883	2086	1437
884	2914	1410
885	1962	3181
886	2114	623
887	1178	222
888	2730	3858
889	2178	2680
890	3117	1446
891	784	2877
892	2999	1440
893	3260	740
894	3642	2348
895	74	3042
896	1303	30
897	645	3966
898	3857	896
899	3235	1995
900	3518	262
901	1335	2263
902	3769	1773
903	3560	3686
904	3553	358
905	354	1622
906	3079	2216
907	2002	1023
908	737	3843
909	3770	3862
910	826	2417
911	3738	2357
912	137	2591
913	406	199
914	3771	903
915	3224	2235
916	1753	2435
917	1233	3652
918	2393	3198
919	3950	3605
920	2949	2222
921	1732	2215
922	1559	20
923	3011	3989
924	1110	3949
925	971	2023
926	535	2343
927	3486	98
928	3053	2815
929	1762	617
930	1130	2320
931	738	2558
932	3373	2993
933	3716	3533
934	1979	2621
935	1633	2900
936	642	3161
937	2449	2013
938	2555	1302
939	3145	81
940	1067	1188
941	3880	2096
942	1531	3634
943	887	497
944	2533	3049
945	252	1575
946	3270	1520
947	3577	1936
948	114	1055
949	779	841
950	3935	1602
951	1104	3662
952	2580	3076
953	2613	2929
954	133	3518
955	2481	429
956	3221	1170
957	2517	3376
958	1945	1019
959	2355	2295
960	2872	1118
961	1933	3734
962	2297	1698
963	3729	2725
964	2883	1312
965	3702	1743
966	2230	2693
967	688	3737
968	2541	3936
969	92	2690
970	124	2940
971	1268	2631
972	474	1834
973	2951	3487
974	514	3876
975	1016	1415
976	1821	1654
977	2543	186
978	3629	2107
979	3873	1637
980	75	2174
981	1491	3415
982	2351	2092
983	2467	3871
984	1185	2788
985	1773	2428
986	1324	2708
987	144	2599
988	3642	2232
989	3356	3544
990	1104	838
991	2910	2613
992	169	1450
993	3102	1607
994	1526	933
995	926	730
996	1053	3736
997	1663	1231
998	3353	1258
999	3252	2951
-1